2305708
2306638
2334155
2338630
2302953
2306630
2307323
2307961
2333622
2314947
2336976
2306237
2302430
2303245
2333981
2306232
2334555
2302550
2310905
2310904
2312005
2312251
2308409
2310471
2304720
2305655
2306867
2303635
2310479
2303591
2338902
2305130
2338901
2335875
2304167
2311287
2313620
2314241
2315211
2305328
2302853
2302333
2304754
2303785
2302218
2308439
2304758
2312747
2306257
2309127
2337407
2310045
2304199
2314248
2313712
2336837
2340000
2304508
2305714
2304346
2305832
2307335
2338848
2302563
2309112
2308543
2303495
2307971
2339936
2335859
2301824
2313011
2315311
2303601
2304655
2305622
2305221
2305620
2332699
2337349
2302475
2302231
2302594
2304090
2306790
2314589
2313018
2310823
2312966
2301814
2312052
2314597
2333096
2302740
2315281
2309535
2335559
2307357
2312858
2310158
2304243
2334905
2332729
2311249
2340572
2313595
2340453
2307705
2302652
2302015
2302532
2337287
2338893
2303625
2334853
2306577
2308876
2312706
2302013
2334697
2337445
1944407
2309441
2311576
2340170
2302926
2340167
2304304
2303731
2314292
2335139
2306721
2310499
2338801
2310013
2303331
2304265
2335774
2309672